Aggregation analysis,PioViewer 2.0.7.21, EV in chips
File, D:\PIO Sims\100bb_Cash_500NL_Rake\LJ_vs_BB_SRP\4s4h2d.cfr
Action Line,Root CHECK
Flop,OOP Equity,IP Equity,BET 100% freq,BET 60% freq,BET 31.1% freq,CHECK freq
4s 4h 2d,39.72,60.28,0.24,0.35,45.86,53.55
5s 3s 2h,43.50,56.50,0.97,2.22,43.56,53.24
5s 4s 2s,44.27,55.73,0.64,0.81,81.69,16.86
6s 2s 2h,41.10,58.90,0.53,0.88,96.96,1.63
6s 4h 3d,46.16,53.84,0.68,0.90,14.97,83.45
6s 5s 2h,45.51,54.49,1.90,5.63,36.92,55.54
6s 6h 5d,43.22,56.78,0.33,0.69,45.18,53.81
7s 5h 5d,43.16,56.84,0.36,0.62,44.72,54.31
7s 6h 3d,46.12,53.88,2.30,4.70,24.89,68.11
7s 7h 4d,41.80,58.20,0.30,0.39,47.27,52.04
8s 5h 3d,44.46,55.54,2.30,5.83,63.45,28.42
8s 5h 4s,46.39,53.61,1.11,2.32,38.96,57.61
8s 6h 5s,47.66,52.34,0.69,2.37,36.60,60.35
8s 7h 3d,44.50,55.50,4.71,11.52,54.76,29.01
8s 7h 4h,46.43,53.57,1.51,3.94,38.70,55.85
8s 7s 6h,48.60,51.40,1.00,5.28,26.56,67.16
9s 3h 2d,41.54,58.46,0.96,1.25,91.74,6.05
9s 6h 2h,43.69,56.31,29.76,14.25,23.90,32.09
9s 6s 5h,46.70,53.30,1.36,4.21,35.82,58.61
9s 7h 4d,44.39,55.61,6.34,14.17,46.82,32.67
9s 7h 5h,46.04,53.96,2.44,12.00,40.91,44.64
9s 8h 2d,43.62,56.38,5.59,23.74,37.51,33.15
9s 8s 8h,42.71,57.29,0.69,1.03,48.92,49.36
As 5h 3s,39.49,60.51,3.76,5.10,20.24,70.90
As 5h 4d,39.55,60.45,12.76,3.37,4.98,78.89
As 6h 3h,37.31,62.69,11.19,9.38,47.08,32.35
As 6h 4h,38.10,61.90,13.52,13.05,37.26,36.17
As 7h 2d,35.82,64.18,2.04,2.25,82.23,13.49
As 7h 5s,39.07,60.93,10.37,15.93,30.83,42.87
As 8h 2s,36.91,63.09,4.19,6.00,50.73,39.08
As 8s 2h,36.82,63.18,4.63,5.44,51.98,37.95
As 9h 4h,36.24,63.76,1.90,4.38,71.16,22.56
As 9h 6d,35.77,64.23,2.93,3.59,65.84,27.64
As 9h 9d,34.10,65.90,0.31,0.71,32.07,66.91
As 9s 4h,36.77,63.23,1.86,3.71,51.62,42.80
As Ah 3d,33.26,66.74,0.42,0.61,97.72,1.25
As Ah Ts,34.54,65.46,0.67,1.62,97.02,0.70
As Jh 9s,36.06,63.94,5.79,11.20,67.66,15.35
As Jh Th,34.62,65.38,1.38,52.73,45.50,0.39
As Js 6s,39.33,60.67,0.44,1.12,45.07,53.37
As Kh 2d,32.47,67.53,57.63,9.99,10.37,22.00
As Kh 3s,34.23,65.77,63.47,4.68,3.99,27.86
As Kh Jd,33.86,66.14,1.47,3.10,94.44,0.99
As Ks 8h,34.37,65.63,60.50,9.88,12.34,17.28
As Qh 7h,35.18,64.82,18.62,53.29,26.71,1.38
As Qh 7s,35.41,64.59,29.88,22.94,38.66,8.51
As Qs Qh,34.59,65.41,1.01,4.09,82.20,12.70
Js 6h 2d,41.00,59.00,1.89,3.59,93.82,0.69
Js 6h 4s,42.88,57.12,4.17,14.56,46.36,34.90
Js 8h 5h,43.62,56.38,23.31,33.32,10.28,33.09
Js 8s 4h,43.12,56.88,17.41,31.66,12.13,38.81
Js 9h 3s,42.10,57.90,45.17,5.91,10.93,37.99
Js 9h 7d,43.22,56.78,6.17,11.48,45.17,37.18
Js 9s 9h,40.91,59.09,0.95,1.39,56.75,40.91
Js Jh 5s,39.71,60.29,0.27,0.61,96.38,2.74
Js Th 3h,40.43,59.57,3.43,48.98,16.09,31.50
Js Th 4s,40.88,59.12,3.56,46.80,19.43,30.21
Ks 4h 2h,38.22,61.78,4.30,5.07,68.61,22.02
Ks 5h 3d,38.82,61.18,1.93,2.10,80.86,15.11
Ks 5h 4d,39.97,60.03,2.89,4.96,60.44,31.71
Ks 7h 4d,39.53,60.47,1.82,2.27,92.63,3.28
Ks 8h 2d,37.76,62.24,2.61,4.22,92.78,0.39
Ks 8h 6d,40.18,59.82,7.86,9.79,80.88,1.46
Ks 9h 5d,39.26,60.74,40.85,9.05,47.92,2.18
Ks 9h 7d,39.79,60.21,27.88,18.77,36.01,17.34
Ks 9s 8s,42.74,57.26,0.61,2.55,61.29,35.54
Ks Jh 2s,37.15,62.85,26.46,18.83,21.44,33.28
Ks Js 5h,38.20,61.80,18.93,24.95,36.47,19.65
Ks Kh Qd,35.39,64.61,0.85,1.76,96.31,1.08
Ks Qh 4s,37.86,62.14,47.46,10.61,13.99,27.94
Ks Qh 9d,38.94,61.06,2.30,5.05,83.89,8.75
Ks Th 5s,38.28,61.72,9.13,32.14,40.53,18.20
Ks Th 7s,38.94,61.06,27.58,20.61,26.72,25.09
Ks Ts 5h,38.39,61.61,11.20,26.34,40.74,21.72
Ks Ts 7h,39.01,60.99,24.56,21.79,25.85,27.80
Qs 4h 2d,39.66,60.34,0.91,1.25,78.86,18.97
Qs 6h 5d,42.72,57.28,19.10,7.66,30.21,43.03
Qs 6s 4h,42.24,57.76,4.95,10.73,50.21,34.11
Qs 7h 3d,40.37,59.63,1.40,2.43,95.71,0.47
Qs 8h 3d,40.24,59.76,8.21,5.08,85.96,0.75
Qs 8h 5d,42.12,57.88,53.16,6.00,7.69,33.15
Qs 8s 4s,43.21,56.79,0.46,2.83,76.45,20.26
Qs 9s 3s,42.88,57.12,0.92,2.66,69.53,26.89
Qs Jh 3d,38.54,61.46,18.31,12.44,38.01,31.24
Qs Jh 6d,39.14,60.86,24.77,15.92,40.96,18.36
Qs Js 2s,41.09,58.91,0.80,3.17,70.82,25.21
Qs Th 3d,38.76,61.24,4.57,10.12,70.57,14.74
Qs Th 8d,40.23,59.77,2.73,6.07,80.00,11.20
Qs Ts 9h,41.53,58.47,1.39,3.58,82.15,12.89
Ts 3h 2h,42.60,57.40,12.94,8.83,49.83,28.40
Ts 3h 3d,40.33,59.67,0.42,0.91,72.75,25.92
Ts 4h 3d,43.56,56.44,2.36,3.71,64.49,29.44
Ts 4s 2h,43.30,56.70,9.03,8.51,50.68,31.78
Ts 6h 2s,44.14,55.86,51.65,4.20,4.75,39.41
Ts 7h 2h,43.55,56.45,47.45,8.29,9.40,34.86
Ts 7h 5h,45.45,54.55,44.41,8.22,7.90,39.48
Ts 7s 6s,46.60,53.40,0.57,1.12,68.16,30.15
Ts 9h 8d,45.41,54.59,1.87,24.91,16.31,56.91
Ts Th 3s,40.97,59.03,0.30,0.66,48.06,50.98
  ,40.73,59.27,11.20,9.77,49.06,29.97
